24,0000301,0.012;
24,0000302,0.012;
24,0000303,0.002;
24,0000304,1.842;
24,0000305,0.012;
24,0000306,0.012;
24,0000401,0.000;
24,0000402,0.345;
24,0000403,0.092;
24,0000404,0.058;
24,0000405,0.345;
24,0000406,0.046;
24,0000407,0.002;
24,0000408,0.138;
24,0000409,0.230;
24,0000410,0.115;
24,0000801,0.023;
24,0000802,0.012;
24,0000803,6.608;
24,0000805,0.691;
24,0000806,0.012;
24,0001203,0.000;
24,0001204,0.345;
24,0001207,0.000;
24,0001208,0.115;
24,0001401,61.416;
24,0001402,10.361;
24,0001403,1.382;
24,0001502,1.335;
24,0001506,2.694;
24,0001507,1.266;
24,0001508,1.382;
24,0001509,3.224;
24,0001510,2.763;
24,0001511,3.108;
32,0000501,1.005;
32,0000502,5.529;
32,0000503,1.508;
32,0000504,2.011;
32,0000505,1.508;
32,0000506,1.005;
32,0000507,0.503;
32,0000114,2.011;
32,0000115,1.508;
32,0001503,83.442;
34,0000101,2.519;
34,0000102,0.969;
34,0000103,0.484;
34,0000104,0.039;
34,0000106,0.058;
34,0000107,9.687;
34,0000108,0.194;
34,0000109,0.581;
34,0000110,0.000;
34,0000111,0.581;
34,0000112,0.000;
34,0000113,0.155;
34,0000114,0.097;
34,0000116,0.194;
34,0000117,0.000;
34,0000118,0.872;
34,0000119,1.744;
34,0000120,2.712;
34,0000701,12.593;
34,0000702,0.252;
34,0000703,0.000;
34,0000704,0.000;
34,0000901,2.712;
34,0000902,0.097;
34,0000903,0.736;
34,0000904,0.872;
34,0000905,0.058;
34,0000906,0.000;
34,,6.393;
34,0001101,22.279;
34,0001102,1.550;
34,0001103,8.718;
34,0001104,0.000;
34,0001202,0.000;
34,0001206,0.000;
34,0001209,0.000;
34,0001210,14.530;
34,0001501,8.330;
38,0000105,1.994;
38,0000601,1.595;
38,0000602,0.854;
38,0000603,1.424;
38,0000604,3.418;
38,0000605,0.285;
38,0000606,0.854;
38,0000607,0.854;
38,0000608,0.285;
38,0000609,28.480;
38,0000610,1.424;
38,0000611,0.142;
38,0001205,0.000;
38,0001505,58.385;
35,0000115,0.177;
35,0000201,0.059;
35,0000202,0.030;
35,0000203,0.030;
35,0000204,0.006;
35,0000205,65.790;
35,0000206,0.177;
35,0000207,5.029;
35,0000208,0.059;
35,0001301,17.749;
35,0001302,1.242;
35,0001303,0.532;
35,0001304,0.355;
35,0001305,0.177;
35,0001306,0.473;
35,0001307,0.769;
35,0001308,0.769;
35,0001309,2.367;
35,0001310,0.538;
35,0001504,3.668;
